#' Parameter Values
#' @keyword Parameters
#' @export
#' @examples
VVV <- TRUE

ProSecPos <- 0.75

PrbMel <- 0.000375

OysPos <- 0.6873

MesMen <- 37.22

MesStd <- 14.67

MesMin <- 20

MesMax <- 60

OysGlaConLogMen <- 1.26745

OysGlaConLogStd <- 0.7621

OysGlaShp <- 2.2114

OysGlaRat <- 0.021353

OysGlaThr <- 0.013896

ProInfAlp <- 0.349

ProInfBet <- 357.1

ProNovSecPos <- 0.722

ProInfOysMuu <- 1106

VirMen <- -1.5196

VirStd <- 0.6776

VirMin <- -3.1627

VirMax <- 0.0

opts1 <- list(chunkSize=5)

opts2 <- list(chunkSize=20)

